car,1020,581,132,105
car,1488,417,94,67
car,1348,858,218,167
car,984,693,146,136
car,535,730,119,145
car,912,314,77,52
van,1724,494,132,83
pedestrian,1137,975,58,120
pedestrian,1708,764,49,106
car,689,264,80,50
pedestrian,378,875,49,106
pedestrian,215,998,50,125
pedestrian,289,925,52,109
van,1302,657,192,176
pedestrian,133,1040,54,120
car,817,343,71,64
pedestrian,1836,833,45,104
pedestrian,17,1090,76,140
pedestrian,1090,953,49,129
pedestrian,276,570,41,101
pedestrian,201,930,46,102
motor,2003,952,107,94
pedestrian,2180,823,42,99
pedestrian,2602,798,45,92
tricycle,1944,563,129,97
people,2019,909,53,92
pedestrian,1771,806,51,112
pedestrian,340,775,45,99
pedestrian,141,939,42,92
pedestrian,388,717,38,92
pedestrian,1257,924,54,96
awning-tricycle,1941,563,130,97
pedestrian,2156,660,33,77
pedestrian,2639,729,41,91
pedestrian,2405,737,46,109
motor,1256,962,68,84
