car,1810,472,81,81
pedestrian,457,886,49,101
pedestrian,442,732,46,101
pedestrian,140,942,59,129
pedestrian,722,936,68,124
pedestrian,2011,926,50,115
pedestrian,219,961,49,114
pedestrian,59,779,54,128
car,702,625,128,110
van,1937,576,124,106
pedestrian,2078,957,50,99
pedestrian,438,621,42,92
pedestrian,2498,893,43,90
tricycle,1737,1063,227,121
pedestrian,209,782,44,106
pedestrian,2077,812,42,97
car,1720,385,64,54
pedestrian,275,764,41,95
people,1875,1063,54,104
tricycle,752,381,136,110
pedestrian,161,780,43,110
car,1746,430,81,58
pedestrian,2434,919,47,109
pedestrian,2522,947,52,103
pedestrian,2540,808,42,86
tricycle,1370,373,67,72
tricycle,2068,668,122,141
pedestrian,2051,826,41,90
pedestrian,2538,942,52,101
truck,532,442,274,246
people,2335,898,50,81
motor,1911,494,52,52
pedestrian,2636,967,46,113
pedestrian,2365,637,35,77
car,1159,279,51,62
pedestrian,2320,821,44,70
